List of First 50 Solution(s), May Include Symmetrical Ones:
Sol. No. 1                   (0, 11), (1, 9), (2, 7), (3, 4), (4, 2), (5, 0), (6, 6), (7, 1), (8, 10), (9, 5), (10, 3), (11, 8)
Sol. No. 2                   (0, 3), (1, 8), (2, 6), (3, 1), (4, 10), (5, 5), (6, 11), (7, 9), (8, 7), (9, 4), (10, 2), (11, 0)
Sol. No. 3                   (0, 0), (1, 8), (2, 1), (3, 11), (4, 2), (5, 6), (6, 9), (7, 3), (8, 10), (9, 4), (10, 7), (11, 5)
Sol. No. 4                   (0, 6), (1, 4), (2, 7), (3, 1), (4, 8), (5, 2), (6, 5), (7, 9), (8, 0), (9, 10), (10, 3), (11, 11)
Sol. No. 5                   (0, 5), (1, 7), (2, 4), (3, 10), (4, 3), (5, 9), (6, 6), (7, 2), (8, 11), (9, 1), (10, 8), (11, 0)
Sol. No. 6                   (0, 8), (1, 3), (2, 5), (3, 10), (4, 1), (5, 6), (6, 0), (7, 2), (8, 4), (9, 7), (10, 9), (11, 11)
Sol. No. 7                   (0, 11), (1, 3), (2, 10), (3, 0), (4, 9), (5, 5), (6, 2), (7, 8), (8, 1), (9, 7), (10, 4), (11, 6)
Sol. No. 8                   (0, 11), (1, 9), (2, 7), (3, 2), (4, 4), (5, 1), (6, 10), (7, 0), (8, 6), (9, 3), (10, 5), (11, 8)
Sol. No. 9                   (0, 3), (1, 6), (2, 8), (3, 5), (4, 11), (5, 1), (6, 10), (7, 7), (8, 9), (9, 4), (10, 2), (11, 0)
Sol. No. 10                  (0, 0), (1, 6), (2, 1), (3, 11), (4, 2), (5, 8), (6, 10), (7, 4), (8, 9), (9, 3), (10, 5), (11, 7)
Sol. No. 11                  (0, 4), (1, 6), (2, 8), (3, 2), (4, 7), (5, 1), (6, 3), (7, 9), (8, 0), (9, 10), (10, 5), (11, 11)
Sol. No. 12                  (0, 7), (1, 5), (2, 3), (3, 9), (4, 4), (5, 10), (6, 8), (7, 2), (8, 11), (9, 1), (10, 6), (11, 0)
Sol. No. 13                  (0, 8), (1, 5), (2, 3), (3, 6), (4, 0), (5, 10), (6, 1), (7, 4), (8, 2), (9, 7), (10, 9), (11, 11)
Sol. No. 14                  (0, 11), (1, 5), (2, 10), (3, 0), (4, 9), (5, 3), (6, 1), (7, 7), (8, 2), (9, 8), (10, 6), (11, 4)
Sol. No. 15                  (0, 11), (1, 9), (2, 7), (3, 2), (4, 4), (5, 1), (6, 10), (7, 0), (8, 5), (9, 3), (10, 8), (11, 6)
Sol. No. 16                  (0, 5), (1, 3), (2, 8), (3, 6), (4, 11), (5, 1), (6, 10), (7, 7), (8, 9), (9, 4), (10, 2), (11, 0)
Sol. No. 17                  (0, 0), (1, 6), (2, 1), (3, 10), (4, 2), (5, 11), (6, 8), (7, 4), (8, 9), (9, 3), (10, 5), (11, 7)
Sol. No. 18                  (0, 4), (1, 6), (2, 8), (3, 2), (4, 7), (5, 3), (6, 0), (7, 9), (8, 1), (9, 10), (10, 5), (11, 11)
Sol. No. 19                  (0, 7), (1, 5), (2, 3), (3, 9), (4, 4), (5, 8), (6, 11), (7, 2), (8, 10), (9, 1), (10, 6), (11, 0)
Sol. No. 20                  (0, 6), (1, 8), (2, 3), (3, 5), (4, 0), (5, 10), (6, 1), (7, 4), (8, 2), (9, 7), (10, 9), (11, 11)
Sol. No. 21                  (0, 11), (1, 5), (2, 10), (3, 1), (4, 9), (5, 0), (6, 3), (7, 7), (8, 2), (9, 8), (10, 6), (11, 4)
Sol. No. 22                  (0, 11), (1, 9), (2, 7), (3, 1), (4, 4), (5, 2), (6, 0), (7, 8), (8, 10), (9, 5), (10, 3), (11, 6)
Sol. No. 23                  (0, 5), (1, 8), (2, 6), (3, 1), (4, 3), (5, 11), (6, 9), (7, 7), (8, 10), (9, 4), (10, 2), (11, 0)
Sol. No. 24                  (0, 0), (1, 8), (2, 1), (3, 7), (4, 2), (5, 11), (6, 9), (7, 4), (8, 10), (9, 5), (10, 3), (11, 6)
Sol. No. 25                  (0, 5), (1, 8), (2, 6), (3, 1), (4, 7), (5, 2), (6, 0), (7, 9), (8, 4), (9, 10), (10, 3), (11, 11)
Sol. No. 26                  (0, 6), (1, 3), (2, 5), (3, 10), (4, 4), (5, 9), (6, 11), (7, 2), (8, 7), (9, 1), (10, 8), (11, 0)
Sol. No. 27                  (0, 6), (1, 3), (2, 5), (3, 10), (4, 8), (5, 0), (6, 2), (7, 4), (8, 1), (9, 7), (10, 9), (11, 11)
Sol. No. 28                  (0, 11), (1, 3), (2, 10), (3, 4), (4, 9), (5, 0), (6, 2), (7, 7), (8, 1), (9, 6), (10, 8), (11, 5)
Sol. No. 29                  (0, 11), (1, 9), (2, 6), (3, 4), (4, 1), (5, 7), (6, 0), (7, 2), (8, 8), (9, 5), (10, 3), (11, 10)
Sol. No. 30                  (0, 1), (1, 8), (2, 6), (3, 3), (4, 9), (5, 11), (6, 4), (7, 10), (8, 7), (9, 5), (10, 2), (11, 0)
Sol. No. 31                  (0, 0), (1, 11), (2, 1), (3, 8), (4, 5), (5, 2), (6, 9), (7, 3), (8, 10), (9, 7), (10, 4), (11, 6)
Sol. No. 32                  (0, 5), (1, 7), (2, 4), (3, 1), (4, 8), (5, 2), (6, 9), (7, 6), (8, 3), (9, 10), (10, 0), (11, 11)
Sol. No. 33                  (0, 6), (1, 4), (2, 7), (3, 10), (4, 3), (5, 9), (6, 2), (7, 5), (8, 8), (9, 1), (10, 11), (11, 0)
Sol. No. 34                  (0, 10), (1, 3), (2, 5), (3, 8), (4, 2), (5, 0), (6, 7), (7, 1), (8, 4), (9, 6), (10, 9), (11, 11)
Sol. No. 35                  (0, 11), (1, 0), (2, 10), (3, 3), (4, 6), (5, 9), (6, 2), (7, 8), (8, 1), (9, 4), (10, 7), (11, 5)
Sol. No. 36                  (0, 11), (1, 9), (2, 6), (3, 1), (4, 3), (5, 8), (6, 0), (7, 2), (8, 10), (9, 5), (10, 7), (11, 4)
Sol. No. 37                  (0, 7), (1, 4), (2, 6), (3, 1), (4, 9), (5, 11), (6, 3), (7, 8), (8, 10), (9, 5), (10, 2), (11, 0)
Sol. No. 38                  (0, 0), (1, 8), (2, 1), (3, 5), (4, 10), (5, 2), (6, 9), (7, 11), (8, 4), (9, 7), (10, 3), (11, 6)
Sol. No. 39                  (0, 5), (1, 8), (2, 4), (3, 7), (4, 0), (5, 2), (6, 9), (7, 1), (8, 6), (9, 10), (10, 3), (11, 11)
Sol. No. 40                  (0, 6), (1, 3), (2, 7), (3, 4), (4, 11), (5, 9), (6, 2), (7, 10), (8, 5), (9, 1), (10, 8), (11, 0)
Sol. No. 41                  (0, 4), (1, 7), (2, 5), (3, 10), (4, 2), (5, 0), (6, 8), (7, 3), (8, 1), (9, 6), (10, 9), (11, 11)
Sol. No. 42                  (0, 11), (1, 3), (2, 10), (3, 6), (4, 1), (5, 9), (6, 2), (7, 0), (8, 7), (9, 4), (10, 8), (11, 5)
Sol. No. 43                  (0, 11), (1, 9), (2, 6), (3, 1), (4, 3), (5, 0), (6, 7), (7, 10), (8, 8), (9, 5), (10, 2), (11, 4)
Sol. No. 44                  (0, 7), (1, 9), (2, 6), (3, 3), (4, 1), (5, 4), (6, 11), (7, 8), (8, 10), (9, 5), (10, 2), (11, 0)
Sol. No. 45                  (0, 0), (1, 7), (2, 1), (3, 8), (4, 6), (5, 2), (6, 9), (7, 11), (8, 4), (9, 10), (10, 3), (11, 5)
Sol. No. 46                  (0, 6), (1, 8), (2, 1), (3, 7), (4, 0), (5, 2), (6, 9), (7, 5), (8, 3), (9, 10), (10, 4), (11, 11)
Sol. No. 47                  (0, 5), (1, 3), (2, 10), (3, 4), (4, 11), (5, 9), (6, 2), (7, 6), (8, 8), (9, 1), (10, 7), (11, 0)
Sol. No. 48                  (0, 4), (1, 2), (2, 5), (3, 8), (4, 10), (5, 7), (6, 0), (7, 3), (8, 1), (9, 6), (10, 9), (11, 11)
Sol. No. 49                  (0, 11), (1, 4), (2, 10), (3, 3), (4, 5), (5, 9), (6, 2), (7, 0), (8, 7), (9, 1), (10, 8), (11, 6)
Sol. No. 50                  (0, 11), (1, 9), (2, 6), (3, 0), (4, 2), (5, 10), (6, 1), (7, 7), (8, 4), (9, 8), (10, 3), (11, 5)


Summary of Results:
Date and Time                25/10/2024 03:28:38
BoardSize                                     12
No. of Solutions Included                  50
Elapsed Time (s)                             0.4

