List of First 50 Unique Solution(s), Excluded Symmetrical Ones:
Sol. No. 1                   (0, 0), (1, 2), (2, 4), (3, 6), (4, 11), (5, 9), (6, 12), (7, 3), (8, 13), (9, 8), (10, 1), (11, 5), (12, 7), (13, 10)
Sol. No. 2                   (0, 0), (1, 2), (2, 4), (3, 6), (4, 12), (5, 9), (6, 11), (7, 13), (8, 5), (9, 3), (10, 1), (11, 7), (12, 10), (13, 8)
Sol. No. 3                   (0, 0), (1, 2), (2, 4), (3, 6), (4, 12), (5, 9), (6, 11), (7, 13), (8, 7), (9, 3), (10, 1), (11, 8), (12, 10), (13, 5)
Sol. No. 4                   (0, 0), (1, 2), (2, 4), (3, 7), (4, 10), (5, 13), (6, 9), (7, 12), (8, 5), (9, 3), (10, 1), (11, 6), (12, 8), (13, 11)
Sol. No. 5                   (0, 0), (1, 2), (2, 4), (3, 7), (4, 11), (5, 8), (6, 12), (7, 1), (8, 13), (9, 5), (10, 9), (11, 6), (12, 10), (13, 3)
Sol. No. 6                   (0, 0), (1, 2), (2, 4), (3, 7), (4, 12), (5, 8), (6, 11), (7, 13), (8, 3), (9, 5), (10, 9), (11, 1), (12, 6), (13, 10)
Sol. No. 7                   (0, 0), (1, 2), (2, 4), (3, 7), (4, 12), (5, 8), (6, 11), (7, 13), (8, 3), (9, 6), (10, 9), (11, 1), (12, 10), (13, 5)
Sol. No. 8                   (0, 0), (1, 2), (2, 4), (3, 7), (4, 12), (5, 10), (6, 5), (7, 13), (8, 11), (9, 3), (10, 8), (11, 6), (12, 1), (13, 9)
Sol. No. 9                   (0, 0), (1, 2), (2, 4), (3, 7), (4, 12), (5, 10), (6, 5), (7, 13), (8, 11), (9, 3), (10, 8), (11, 6), (12, 9), (13, 1)
Sol. No. 10                  (0, 0), (1, 2), (2, 4), (3, 7), (4, 13), (5, 11), (6, 9), (7, 12), (8, 6), (9, 3), (10, 1), (11, 10), (12, 8), (13, 5)
Sol. No. 11                  (0, 0), (1, 2), (2, 4), (3, 8), (4, 11), (5, 13), (6, 10), (7, 3), (8, 6), (9, 12), (10, 9), (11, 1), (12, 5), (13, 7)
Sol. No. 12                  (0, 0), (1, 2), (2, 4), (3, 8), (4, 13), (5, 9), (6, 12), (7, 5), (8, 11), (9, 1), (10, 6), (11, 10), (12, 3), (13, 7)
Sol. No. 13                  (0, 0), (1, 2), (2, 4), (3, 9), (4, 7), (5, 10), (6, 13), (7, 1), (8, 12), (9, 5), (10, 8), (11, 6), (12, 11), (13, 3)
Sol. No. 14                  (0, 0), (1, 2), (2, 4), (3, 9), (4, 7), (5, 10), (6, 13), (7, 11), (8, 6), (9, 1), (10, 3), (11, 5), (12, 8), (13, 12)
Sol. No. 15                  (0, 0), (1, 2), (2, 4), (3, 9), (4, 7), (5, 13), (6, 11), (7, 6), (8, 12), (9, 1), (10, 5), (11, 8), (12, 10), (13, 3)
Sol. No. 16                  (0, 0), (1, 2), (2, 4), (3, 9), (4, 11), (5, 8), (6, 3), (7, 12), (8, 6), (9, 13), (10, 1), (11, 10), (12, 5), (13, 7)
Sol. No. 17                  (0, 0), (1, 2), (2, 4), (3, 9), (4, 11), (5, 13), (6, 1), (7, 12), (8, 5), (9, 8), (10, 6), (11, 3), (12, 10), (13, 7)
Sol. No. 18                  (0, 0), (1, 2), (2, 4), (3, 9), (4, 11), (5, 13), (6, 10), (7, 3), (8, 6), (9, 12), (10, 1), (11, 8), (12, 5), (13, 7)
Sol. No. 19                  (0, 0), (1, 2), (2, 4), (3, 9), (4, 12), (5, 8), (6, 3), (7, 11), (8, 13), (9, 5), (10, 1), (11, 6), (12, 10), (13, 7)
Sol. No. 20                  (0, 0), (1, 2), (2, 4), (3, 9), (4, 12), (5, 8), (6, 11), (7, 3), (8, 6), (9, 13), (10, 1), (11, 10), (12, 7), (13, 5)
Sol. No. 21                  (0, 0), (1, 2), (2, 4), (3, 9), (4, 12), (5, 10), (6, 1), (7, 6), (8, 11), (9, 13), (10, 8), (11, 3), (12, 5), (13, 7)
Sol. No. 22                  (0, 0), (1, 2), (2, 4), (3, 9), (4, 12), (5, 10), (6, 3), (7, 6), (8, 11), (9, 13), (10, 1), (11, 7), (12, 5), (13, 8)
Sol. No. 23                  (0, 0), (1, 2), (2, 4), (3, 9), (4, 12), (5, 10), (6, 5), (7, 3), (8, 11), (9, 13), (10, 8), (11, 6), (12, 1), (13, 7)
Sol. No. 24                  (0, 0), (1, 2), (2, 4), (3, 10), (4, 3), (5, 11), (6, 9), (7, 12), (8, 6), (9, 13), (10, 1), (11, 7), (12, 5), (13, 8)
Sol. No. 25                  (0, 0), (1, 2), (2, 4), (3, 10), (4, 3), (5, 11), (6, 9), (7, 12), (8, 6), (9, 13), (10, 7), (11, 1), (12, 8), (13, 5)
Sol. No. 26                  (0, 0), (1, 2), (2, 4), (3, 10), (4, 13), (5, 9), (6, 12), (7, 5), (8, 3), (9, 1), (10, 6), (11, 8), (12, 11), (13, 7)
Sol. No. 27                  (0, 0), (1, 2), (2, 4), (3, 10), (4, 13), (5, 11), (6, 3), (7, 12), (8, 7), (9, 5), (10, 1), (11, 9), (12, 6), (13, 8)
Sol. No. 28                  (0, 0), (1, 2), (2, 4), (3, 10), (4, 13), (5, 11), (6, 5), (7, 1), (8, 12), (9, 6), (10, 8), (11, 3), (12, 7), (13, 9)
Sol. No. 29                  (0, 0), (1, 2), (2, 4), (3, 11), (4, 7), (5, 10), (6, 12), (7, 1), (8, 5), (9, 13), (10, 9), (11, 6), (12, 8), (13, 3)
Sol. No. 30                  (0, 0), (1, 2), (2, 4), (3, 11), (4, 7), (5, 10), (6, 12), (7, 5), (8, 1), (9, 13), (10, 9), (11, 6), (12, 8), (13, 3)
Sol. No. 31                  (0, 0), (1, 2), (2, 4), (3, 11), (4, 7), (5, 12), (6, 10), (7, 5), (8, 13), (9, 1), (10, 3), (11, 8), (12, 6), (13, 9)
Sol. No. 32                  (0, 0), (1, 2), (2, 4), (3, 11), (4, 8), (5, 3), (6, 12), (7, 10), (8, 13), (9, 6), (10, 1), (11, 5), (12, 7), (13, 9)
Sol. No. 33                  (0, 0), (1, 2), (2, 4), (3, 11), (4, 9), (5, 3), (6, 12), (7, 10), (8, 7), (9, 13), (10, 1), (11, 5), (12, 8), (13, 6)
Sol. No. 34                  (0, 0), (1, 2), (2, 4), (3, 11), (4, 9), (5, 12), (6, 1), (7, 13), (8, 7), (9, 3), (10, 6), (11, 8), (12, 10), (13, 5)
Sol. No. 35                  (0, 0), (1, 2), (2, 4), (3, 11), (4, 13), (5, 10), (6, 3), (7, 6), (8, 12), (9, 1), (10, 8), (11, 5), (12, 7), (13, 9)
Sol. No. 36                  (0, 0), (1, 2), (2, 4), (3, 12), (4, 7), (5, 9), (6, 11), (7, 13), (8, 1), (9, 3), (10, 6), (11, 8), (12, 10), (13, 5)
Sol. No. 37                  (0, 0), (1, 2), (2, 4), (3, 12), (4, 9), (5, 3), (6, 10), (7, 13), (8, 11), (9, 5), (10, 7), (11, 1), (12, 6), (13, 8)
Sol. No. 38                  (0, 0), (1, 2), (2, 4), (3, 13), (4, 8), (5, 10), (6, 12), (7, 1), (8, 3), (9, 5), (10, 7), (11, 9), (12, 11), (13, 6)
Sol. No. 39                  (0, 0), (1, 2), (2, 4), (3, 13), (4, 11), (5, 9), (6, 12), (7, 5), (8, 3), (9, 1), (10, 7), (11, 10), (12, 8), (13, 6)
Sol. No. 40                  (0, 0), (1, 2), (2, 5), (3, 7), (4, 9), (5, 11), (6, 13), (7, 1), (8, 3), (9, 6), (10, 12), (11, 10), (12, 8), (13, 4)
Sol. No. 41                  (0, 0), (1, 2), (2, 5), (3, 7), (4, 10), (5, 12), (6, 3), (7, 6), (8, 13), (9, 11), (10, 8), (11, 1), (12, 4), (13, 9)
Sol. No. 42                  (0, 0), (1, 2), (2, 5), (3, 7), (4, 10), (5, 12), (6, 3), (7, 9), (8, 13), (9, 4), (10, 8), (11, 1), (12, 11), (13, 6)
Sol. No. 43                  (0, 0), (1, 2), (2, 5), (3, 7), (4, 10), (5, 13), (6, 11), (7, 6), (8, 1), (9, 3), (10, 12), (11, 9), (12, 4), (13, 8)
Sol. No. 44                  (0, 0), (1, 2), (2, 5), (3, 7), (4, 11), (5, 4), (6, 12), (7, 9), (8, 13), (9, 3), (10, 1), (11, 6), (12, 8), (13, 10)
Sol. No. 45                  (0, 0), (1, 2), (2, 5), (3, 7), (4, 12), (5, 10), (6, 13), (7, 4), (8, 1), (9, 3), (10, 8), (11, 6), (12, 11), (13, 9)
Sol. No. 46                  (0, 0), (1, 2), (2, 5), (3, 7), (4, 12), (5, 10), (6, 13), (7, 6), (8, 1), (9, 11), (10, 8), (11, 3), (12, 9), (13, 4)
Sol. No. 47                  (0, 0), (1, 2), (2, 5), (3, 7), (4, 12), (5, 10), (6, 13), (7, 6), (8, 3), (9, 11), (10, 8), (11, 1), (12, 9), (13, 4)
Sol. No. 48                  (0, 0), (1, 2), (2, 5), (3, 7), (4, 13), (5, 10), (6, 12), (7, 1), (8, 6), (9, 11), (10, 3), (11, 8), (12, 4), (13, 9)
Sol. No. 49                  (0, 0), (1, 2), (2, 5), (3, 7), (4, 13), (5, 10), (6, 12), (7, 4), (8, 1), (9, 3), (10, 6), (11, 9), (12, 11), (13, 8)
Sol. No. 50                  (0, 0), (1, 2), (2, 5), (3, 8), (4, 6), (5, 11), (6, 13), (7, 1), (8, 12), (9, 4), (10, 7), (11, 10), (12, 3), (13, 9)


Summary of Results:
Date and Time                24/10/2024 17:44:47
BoardSize                                     14
No. of Solutions Included                  50
Elapsed Time (s)                               6

