Solution:
Sol. No. 1                   (0, 0), (1, 2), (2, 4), (3, 1), (4, 3), (5, 8), (6, 10), (7, 12), (8, 14), (9, 5), (10, 7), (11, 18), (12, 23), (13, 25), (14, 30), (15, 28), (16, 31), (17, 34), (18, 32), (19, 27), (20, 29), (21, 16), (22, 6), (23, 33), (24, 9), (25, 17), (26, 15), (27, 13), (28, 11), (29, 19), (30, 24), (31, 22), (32, 20), (33, 26), (34, 21)


Summary of Results:
Date and Time                19/02/2025 00:09:23
BoardSize                                     35
No. of Unique Solutions                        1
Elapsed Time (s)                              69

